0.07266479
0.07612643
0.04768193
0.09611622
-0.03586969
0.06487347
0.02039363
-0.01368218
0.09262385
0.07930551
0.03249042
0.02421445
-0.05322569
-0.02245422
0.05452038
0.1008602
0.05429214
-0.009145695
-0.04332826
-0.009193128
0
-0.08516799
0.08354488
-0.05781981
-0.06136915
-0.007028643
0.06794179
0.04362063
-0.02531781
0.05711447
-0.04002023
0.06415345
0.0007247373
0.04322327
-0.006959159
0.02079037
-0.08365012
0.01832507
-0.005156271
-0.12743
-0.06516485
-0.1061597
0.01370565
0.05401459
0.09146188
0.01175563
0.04408196
0.03360304
0.02409731
0.03709152
0.06053709
0.0006987558
-0.08590653
-0.03105836
-0.08471946
0.04711257
-0.000822338
-0.01075766
0.02074826
0.09664837
0.08948506
0.005014407
0.03663372
0.009762194
0.03337481
-0.01456151
0.02207553
0.02245303
-0.004908025
-0.05304325
0.01761298
0.02774454
0.0800424
-0.005987892
0
-0.05600014
-0.03279286
0.007123567
-0.007917259
-0.04015971
-0.1541505
0.08272219
-0.05173444
-0.07135423
-0.006097552
-0.02516602
-0.008973138
-0.03672104
-0.06110336
0.001175309
-0.05370779
-0.04113246
-0.1885912
0.1735036
-0.0564201
-0.053597
0.1138071
0.1421261
-0.04205505
0.01560658
0.03107804
-0.0283038
-0.09399534
-0.0118975
0.01068076
0.1199939
0.07212902
-0.009431336
0.1392288
-0.00145606
0.0246331
-0.03347406
0.01954181
0.07549886
-0.01685322
0.01368592
0.02792932
-0.03480575
0.005504821
0.02954133
-0.01398027
0.01173784
0.00181036
-0.06634816
-0.04243371
0.07265177
0.01550419
0.01020376
-0.02786464
-0.01447222
0.03532564
0.03535266
-0.02968631
-0.04376904
-0.06473801
0.1217857
-0.01847767
-0.003879516
0.08830662
0.04778966
-0.05230855
-0.04712201
0.03030222
0.1022018
0.03376161
-0.0173476
0.05037652
-0.00396987
-0.02190926
-0.03514957
-0.05066612
0.0157887
-0.03267093
-0.08266013
0.05815569
-0.01350073
0.06393115
-0.06416419
-0.1301622
-0.01581947
0.02448186
0.05916285
0.1049346
0.01686793
-0.02121546
0.03824524
0.03480907
-0.003676751
-0.05294202
0.01135232
-0.02961729
-0.06200307
0.01666241
-0.01500603
-0.0307046
-0.002497115
-0.01830757
-0.04971454
0.07227508
0.04265519
0.1121503
-0.01408675
-0.03494658
0.07261271
-0.02985733
-0.01433019
0.07924916
0.08378033
0.03997043
0.08487961
0.08957467
0.1068048
0.02690772
0.009912706
0.02739919
0.139655
-0.04189132
0.0777931
0.00103946
0.000622806
0.05988553
-0.0009854854
-0.06878111
0.03864747
-0.06672651
-0.02596417
0.03344832
-0.002195408
-0.04541168
-0.01873542
0.04619728
0.1198378
0.004031861
0.01180109
-0.02333925
0.0112307
0.1022082
-0.009392976
-0.05365292
-0.00394477
0.02517445
-0.03863792
0.05979228
-0.02817625
-0.02195731
0.04729953
0.08112274
0.1067904
-0.02605962
0.003130096
0.004134441
0.03087153
-0.0179196
-0.03931896
-0.1004426
0.05398806
-0.03110993
-0.08431139
0.03653345
-0.0576789
0.07038111
0.08804659
0.0734038
0.06448633
0.006070537
0.01550419
-0.00927387
0.05130129
-0.1105707
-0.2075114
-0.09095259
0.04199475
-0.02742875
0.0539151
-0.08778586
0.05204771
0.001983032
0.1241821
-0.01284008
-0.1104546
0.03416275
0.06094363
-0.02497838
0.02808296
0.06933481
-0.06340317
-0.1074204
0.04370488
-0.02815568
0.0203172
0.02754999
0.02858746
-0.06960306
-0.08597192
-0.01421556
-0.03650943
0.04670132
0.06344511
0.02142973
0.02673053
0.1061764
-0.02105307
-0.05241392
-0.07847086
0.04322423
-0.009445468
0.08597125
-0.005516186
0.1148285
0.02500964
-0.1227712
-0.1003719
0.04122543
-0.08861921
0.04159386
-0.03175799
0.06735673
-0.05326366
-0.04731071
-0.03857244
0.01117335
-0.02150764
-0.03962375
0.08326152
0.0132449
0.07558231
-0.03244881
-0.0757823
-0.07023042
-0.1885332
0.03792564
-0.3036827
0.02208727
0.06420503
-0.06653304
-0.0452338
0.09161062
-0.0661195
-0.1039548
0.03315234
-0.08552194
0.09097169
0.1626544
0.04757419
0
-0.06159353
0.03256109
0.05129369
0.09531018
-0.06984323
0.0518246
0.1053604
0.0162896
0.06767547
-0.04811939
0.03813262
-0.01888419
0.04573216
0.08742646
0.1416792
-0.01463761
0.03174864
0.1258526
-0.04942136
-0.0897628
0.02868561
-0.003863454
-0.05586584
0.1717778
0.124417
-0.09735046
-0.03196653
-0.006050266
-0.07537031
0.08237138
0.06504683
0.08482357
0.0355071
0.2136409
-0.05067454
0.03486412
-0.08494152
-0.04627119
0.1564899
0.07730728
0.04243957
0.1584941
-0.04028047
0.04461288
-0.07338285
0.1076932
-0.04554249
-0.0577912
0.05791035
-0.005400557
0.1093234
0.01579657
-0.02313762
0.1432827
-0.1605679
0.1318648
0.144656
0.1074489
0.1102687
-0.006120693
-0.07522906
0.04323476
0.1656695
0.1045402
0.1081582
-0.02794999
-0.008028139
-0.02901695
-0.2082759
0.04898443
0.04563758
0.03975519
-0.08726195
0.1383853
-0.0566603
-0.03648765
0.02016825
0.02590261
0.161389
-0.1598484
-0.1328962
-0.0507061
-0.09531008
0.2758476
-0.1130287
-0.037948
0.179927
-0.02818551
0.01067581
-0.07142941
-0.04988902
-0.08592942
0.1640388
0.06848074
0.04541017
-0.1143474
-0.09349563
0.05820004
-0.2164349
-0.03845708
-0.1109696
-0.02247263
0.07033637
-0.2567688
0.3029147
0.09802467
-0.1147096
0.008991455
-0.001279819
0.006139117
0.07926764
0.03813262
-0.06499302
-0.01526796
0.01125937
0.07423882
0.01293498
0.01354189
0.02336099
0.06828742
-0.02624028
-0.04949491
-0.04078137
0.00678195
-0.004979377
-0.01232767
-0.02559169
0.01232177
0.04570828
0.05072448
0.04502403
-0.05376266
-0.007090075
-0.01304674
-0.1793061
-0.008282203
-0.01803058
0.1176035
-0.0321431
-0.004974352
0.02048181
0.08450474
-0.0783573
-0.01100938
-0.01063434
0.02741281
-0.001577243
-0.02633371
-0.03931064
0.007650659
0.04866063
0.01190881
0.1193818
-0.00119171
0.05533726
0.02037795
-0.06145741
0.01410308
0.08097243
0.04579903
-0.01274487
0.0500332
0.05657124
0.009467046
-0.01436367
-0.09515499
0.02738362
-0.009200192
0.06462039
0.01117928
0.04715931
0.0736881
-0.08797366
0.07670823
-0.0459696
-0.0399734
-0.2295553
-0.1243383
0.03089092
0.08525709
0.009556194
0.05146183
0.0631898
0.03447292
-0.01765595
0.1216697
0.005664924
0.01312844
0.00832624
0.05083759
0.03537776
